1.227808 0.685776 0.686893
0.591193 0.693348 0.684466
0.567565 0.729854 0.718447
0.535936 0.742834 0.725728
0.534339 0.715792 0.701456
0.486236 0.709302 0.701456
0.491756 0.729854 0.713592
0.458420 0.732829 0.711165
0.469280 0.730936 0.706311
0.450032 0.722823 0.706311
0.453515 0.734721 0.720874
0.423667 0.676582 0.669903
0.467916 0.736614 0.703883
0.453706 0.726068 0.706311
0.440856 0.732288 0.708738
0.431851 0.731206 0.713592
0.418878 0.717956 0.684466
0.410807 0.735262 0.713592
0.395551 0.697945 0.682039
0.409887 0.738507 0.713592
0.399765 0.691184 0.686893
0.426377 0.687399 0.682039
0.402888 0.753651 0.718447
0.424235 0.721201 0.699029
0.424436 0.754462 0.725728
0.389847 0.738778 0.730583
0.380311 0.717956 0.699029
0.416841 0.731747 0.679612
0.407483 0.722282 0.679612
0.408072 0.751217 0.752427
0.399226 0.753110 0.735437
0.409760 0.720389 0.682039
0.396890 0.734181 0.747573
0.397382 0.757436 0.699029
0.410035 0.753380 0.708738
0.418700 0.685506 0.679612
0.405439 0.720119 0.716019
0.368096 0.760411 0.730583
0.398826 0.751758 0.720874
0.373842 0.752028 0.723301
0.373783 0.762304 0.740291
0.359441 0.758248 0.725728
0.375925 0.748513 0.728155
0.396245 0.745809 0.759709
0.366259 0.740400 0.728155
0.347320 0.755544 0.725728
0.365714 0.762304 0.720874
0.369151 0.762304 0.750000
0.374736 0.752299 0.703883
0.370212 0.699027 0.682039
0.358081 0.764197 0.723301
0.348782 0.766360 0.728155
0.339842 0.783126 0.747573
0.322682 0.778529 0.752427
0.343102 0.782585 0.754854
0.315628 0.781504 0.730583
0.338613 0.766090 0.723301
0.353324 0.769876 0.730583
0.321853 0.765819 0.757282
0.338990 0.771769 0.716019
0.323274 0.773391 0.740291
0.308319 0.772850 0.735437
0.332262 0.772850 0.747573
0.314715 0.792591 0.759709
0.316251 0.723634 0.682039
0.330924 0.785560 0.764563
0.351301 0.770957 0.750000
0.317894 0.765279 0.740291
0.337931 0.786912 0.766990
0.282125 0.798269 0.762136
0.321294 0.797999 0.752427
0.298546 0.789886 0.762136
0.304227 0.772309 0.750000
0.341498 0.785019 0.774272
0.351530 0.783396 0.757282
0.290760 0.795836 0.774272
0.334542 0.790968 0.747573
0.309347 0.793402 0.757282
0.319222 0.795024 0.764563
0.324204 0.796917 0.737864
0.304063 0.779881 0.752427
0.329726 0.780422 0.737864
0.320664 0.689832 0.657767
0.329132 0.779881 0.750000
0.296084 0.790968 0.735437
0.310941 0.783937 0.733010
0.311097 0.793402 0.730583
0.297867 0.788264 0.769417
0.293366 0.792861 0.750000
0.316220 0.799621 0.747573
0.313260 0.790157 0.752427
0.315027 0.782044 0.752427
0.319889 0.802596 0.762136
0.308747 0.797729 0.745146
0.325461 0.805030 0.776699
0.304654 0.787994 0.750000
0.284873 0.803407 0.750000
0.289506 0.801785 0.752427
0.290302 0.811790 0.762136
0.284681 0.785560 0.745146
0.291821 0.807463 0.759709
0.275922 0.811790 0.759709
0.286084 0.810708 0.779126
0.273836 0.811520 0.764563
0.240276 0.815306 0.764563
0.245794 0.818821 0.783981
0.258079 0.817198 0.766990
0.249753 0.816658 0.769417
0.250205 0.810168 0.764563
0.286858 0.816387 0.757282
0.289678 0.818010 0.759709
0.249568 0.819903 0.750000
0.269975 0.820173 0.783981
0.273131 0.821255 0.779126
0.245149 0.826393 0.766990
0.246095 0.826122 0.769417
0.278391 0.812331 0.766990
0.282985 0.820714 0.764563
0.290186 0.829908 0.774272
0.245708 0.825041 0.779126
0.265255 0.828015 0.750000
0.262612 0.823688 0.779126
0.254345 0.820173 0.776699
0.253420 0.830719 0.776699
0.249227 0.822607 0.766990
0.246636 0.826933 0.764563
0.257704 0.834235 0.774272
0.244954 0.824500 0.774272
0.270795 0.826933 0.771845
0.258372 0.826663 0.771845
0.224143 0.805571 0.764563
0.262797 0.836939 0.779126
0.255482 0.823688 0.776699
0.278098 0.830990 0.779126
0.251730 0.837750 0.774272
0.250019 0.825852 0.781553
0.253839 0.831801 0.786408
0.285797 0.836128 0.754854
0.258057 0.834776 0.762136
0.235829 0.836398 0.783981
0.229599 0.828826 0.769417
0.227606 0.839102 0.766990
0.222162 0.844781 0.771845
0.246790 0.840995 0.769417
0.225900 0.837750 0.786408
0.239120 0.828826 0.752427
0.224130 0.835046 0.788835
0.239649 0.838021 0.769417
0.207353 0.832612 0.779126
0.209773 0.847485 0.771845
0.213477 0.843699 0.764563
0.227485 0.848296 0.769417
0.224658 0.850730 0.781553
0.212686 0.852893 0.776699
0.223899 0.855868 0.774272
0.184372 0.854786 0.788835
0.198627 0.856409 0.781553
0.207875 0.851541 0.776699
0.234422 0.847215 0.774272
0.227870 0.856409 0.791262
0.198425 0.855598 0.788835
0.187259 0.857761 0.783981
0.194607 0.842888 0.783981
0.201495 0.846133 0.791262
0.204217 0.854246 0.786408
0.215479 0.846944 0.783981
0.225066 0.854516 0.798544
0.190245 0.854516 0.783981
0.206791 0.851812 0.796117
0.209385 0.860195 0.791262
0.203795 0.861276 0.805825
0.202936 0.859383 0.803398
0.199074 0.859924 0.803398
0.211527 0.860465 0.783981
0.195750 0.856138 0.779126
0.163086 0.857491 0.783981
0.212798 0.856409 0.781553
0.171311 0.865062 0.798544
0.199554 0.860195 0.769417
0.209326 0.858302 0.779126
0.198651 0.855868 0.798544
0.188531 0.864251 0.803398
0.190707 0.864251 0.796117
0.224573 0.850189 0.779126
0.187084 0.865062 0.798544
0.186344 0.864251 0.798544
0.195730 0.859113 0.796117
0.210729 0.852353 0.774272
0.201467 0.859383 0.796117
0.197486 0.870471 0.800971
0.202589 0.858843 0.788835
0.188281 0.865333 0.796117
0.211845 0.859924 0.791262
0.186751 0.866414 0.793689
0.179445 0.862628 0.798544
0.199742 0.868848 0.815534
0.203268 0.860465 0.800971
0.169993 0.867766 0.791262
0.191025 0.870741 0.813107
0.214520 0.869659 0.788835
0.149655 0.872904 0.798544
0.186900 0.873716 0.800971
0.169663 0.870471 0.796117
0.183067 0.871282 0.808252
0.200968 0.871282 0.813107
0.179247 0.873175 0.803398
0.170046 0.872904 0.808252
0.184638 0.870200 0.798544
0.175308 0.875879 0.815534
0.174055 0.870471 0.788835
0.170877 0.872093 0.800971
0.175385 0.874527 0.813107
0.168210 0.873716 0.798544
0.151797 0.874527 0.791262
0.188885 0.873445 0.808252
0.155283 0.871823 0.786408
0.160616 0.870471 0.810680
0.163703 0.878042 0.805825
0.174851 0.876149 0.798544
0.170726 0.875608 0.810680
0.177231 0.876961 0.803398
0.182189 0.876420 0.788835
0.147952 0.879394 0.808252
0.163405 0.878853 0.798544
0.174729 0.876420 0.796117
0.171522 0.879665 0.800971
0.180456 0.879394 0.808252
0.156487 0.877501 0.796117
0.168111 0.881017 0.808252
0.181725 0.874256 0.793689
0.180403 0.881287 0.808252
0.164741 0.875608 0.796117
0.166494 0.882098 0.813107
0.161772 0.880476 0.798544
0.150831 0.879935 0.808252
0.179273 0.879394 0.788835
0.159164 0.879665 0.805825
0.166457 0.879935 0.808252
0.163609 0.882910 0.805825
0.193174 0.877231 0.813107
0.174873 0.877772 0.805825
0.168513 0.881828 0.798544
0.171356 0.885073 0.813107
0.165551 0.876961 0.815534
0.168158 0.881558 0.813107
0.146861 0.879935 0.800971
0.156109 0.879124 0.800971
0.162220 0.883721 0.800971
0.146385 0.881017 0.815534
0.132226 0.880746 0.793689
0.165615 0.887507 0.798544
0.148606 0.884803 0.813107
0.174241 0.882639 0.793689
0.138340 0.889670 0.820388
0.139077 0.887507 0.820388
0.157882 0.889129 0.813107
0.142588 0.887236 0.808252
0.136825 0.887777 0.805825
0.145125 0.889400 0.817961
0.163811 0.889941 0.817961
0.137761 0.886696 0.817961
0.134511 0.888318 0.822816
0.158012 0.891022 0.815534
0.142778 0.890481 0.827670
0.131165 0.890211 0.827670
0.148664 0.889400 0.808252
0.142821 0.891563 0.815534
0.156119 0.891563 0.813107
0.149425 0.889941 0.813107
0.124993 0.892915 0.825243
0.154502 0.894267 0.827670
0.162427 0.893456 0.810680
0.138950 0.891293 0.822816
0.134077 0.890752 0.813107
0.122139 0.889400 0.808252
0.117952 0.892915 0.813107
0.132401 0.892104 0.813107
0.152629 0.890211 0.800971
0.167745 0.889941 0.803398
0.127794 0.889670 0.815534
0.122404 0.895349 0.800971
0.142460 0.892915 0.813107
0.133303 0.892645 0.815534
0.168338 0.890211 0.815534
0.143849 0.893456 0.813107
0.153698 0.888859 0.803398
0.112238 0.892915 0.800971
0.158955 0.890211 0.805825
0.122571 0.894808 0.805825
0.122088 0.894267 0.810680
0.136061 0.895890 0.800971
0.149137 0.891293 0.808252
0.137022 0.892104 0.800971
0.126079 0.894538 0.815534
0.149770 0.896971 0.817961
0.143865 0.894267 0.813107
0.127133 0.896431 0.810680
0.147030 0.893186 0.813107
0.126827 0.893997 0.822816
0.131916 0.895078 0.810680
0.175596 0.897783 0.815534
0.115901 0.895078 0.803398
0.163992 0.895890 0.800971
0.158794 0.894267 0.810680
0.122868 0.892645 0.798544
0.147713 0.895349 0.808252
0.153728 0.893186 0.796117
0.139010 0.895890 0.803398
0.136407 0.898323 0.800971
0.116711 0.895078 0.810680
0.138808 0.897512 0.810680
0.149339 0.894267 0.813107
0.128836 0.895890 0.808252
0.136368 0.893456 0.800971
0.173002 0.895890 0.810680
0.107826 0.893997 0.808252
0.141950 0.897242 0.805825
0.140175 0.894267 0.813107
0.114541 0.895890 0.817961
0.124512 0.896701 0.815534
0.146427 0.895349 0.817961
0.118790 0.895890 0.822816
0.144991 0.896431 0.810680
0.128196 0.896971 0.808252
0.138684 0.896971 0.813107
0.128226 0.897783 0.810680
0.113194 0.895890 0.808252
0.156943 0.895619 0.800971
0.145638 0.895078 0.803398
0.113337 0.895619 0.805825
0.148671 0.893726 0.798544
0.139734 0.897783 0.813107
0.155304 0.899405 0.815534
0.167564 0.898323 0.813107
0.135487 0.895890 0.803398
0.110662 0.898053 0.810680
0.127389 0.899946 0.815534
0.135956 0.898594 0.808252
0.115033 0.895890 0.813107
0.137072 0.901568 0.813107
0.122744 0.901028 0.815534
0.122566 0.896160 0.808252
0.121116 0.899135 0.815534
0.143481 0.899405 0.803398
0.117455 0.898594 0.803398
0.118449 0.896701 0.805825
0.127249 0.896160 0.803398
0.104523 0.898594 0.808252
0.105565 0.897242 0.810680
0.114871 0.901839 0.796117
0.122136 0.900757 0.798544
0.123393 0.899135 0.808252
0.132573 0.900487 0.808252
0.140191 0.901298 0.810680
0.112102 0.900216 0.820388
0.137764 0.900216 0.817961
0.137254 0.898594 0.808252
0.132576 0.900757 0.813107
0.121454 0.900487 0.815534
0.124459 0.898594 0.813107
0.136201 0.902109 0.813107
0.131414 0.901568 0.813107
0.126174 0.897512 0.805825
0.131579 0.901568 0.805825
0.134737 0.901298 0.808252
0.145620 0.902109 0.803398
0.140994 0.899405 0.810680
0.155916 0.900216 0.808252
0.142731 0.899946 0.813107
0.139841 0.902380 0.805825
0.119032 0.899946 0.808252
0.120017 0.899946 0.808252
0.111785 0.901839 0.808252
0.120144 0.901298 0.805825
0.138147 0.900487 0.805825
0.109233 0.898053 0.805825
0.134807 0.902380 0.810680
0.115860 0.901028 0.815534
0.138253 0.900216 0.815534
0.136095 0.901298 0.813107
0.158174 0.901839 0.810680
0.114207 0.899676 0.808252
0.131121 0.903191 0.803398
0.133892 0.902109 0.810680
0.115696 0.897512 0.810680
0.117331 0.901298 0.815534
0.124550 0.903191 0.810680
0.101100 0.901028 0.798544
0.144960 0.902109 0.808252
0.140135 0.901839 0.810680
0.131970 0.903732 0.808252
0.134564 0.900487 0.805825
0.119267 0.900487 0.813107
0.119847 0.902650 0.810680
0.127032 0.904273 0.810680
0.133557 0.900487 0.808252
0.123667 0.899676 0.808252
0.122714 0.899405 0.815534
0.130785 0.901839 0.815534
0.100514 0.902109 0.813107
0.143179 0.899135 0.813107
0.133528 0.899405 0.813107
0.107607 0.900216 0.813107
0.109573 0.900757 0.808252
0.126791 0.901568 0.810680
0.128447 0.902920 0.813107
0.137261 0.901298 0.813107
0.171407 0.899405 0.815534
0.136181 0.902650 0.810680
0.107178 0.900487 0.815534
0.139980 0.899946 0.805825
0.103470 0.903732 0.810680
0.139338 0.901298 0.808252
0.094445 0.904002 0.815534
0.132259 0.901028 0.810680
0.126603 0.899405 0.805825
0.135387 0.903191 0.810680
0.146888 0.903191 0.810680
0.137143 0.903732 0.820388
0.137740 0.897783 0.810680
0.113991 0.902380 0.817961
0.117749 0.899405 0.815534
0.104795 0.900757 0.817961
0.116107 0.901298 0.813107
0.125000 0.903191 0.810680
0.088514 0.900487 0.817961
0.109081 0.897512 0.817961
0.106118 0.900757 0.820388
0.115398 0.901568 0.810680
0.128793 0.900757 0.820388
0.104702 0.903191 0.815534
0.122468 0.902650 0.813107
0.109803 0.902920 0.817961
0.146074 0.904002 0.817961
0.161558 0.902380 0.815534
0.133523 0.902920 0.813107
0.112906 0.902109 0.813107
0.119884 0.902380 0.815534
0.120119 0.901839 0.813107
0.139116 0.903461 0.813107
0.119256 0.901839 0.817961
0.120175 0.900757 0.815534
0.121718 0.901298 0.815534
0.140896 0.902380 0.815534
0.132878 0.902920 0.813107
0.113900 0.904002 0.813107
0.104960 0.903461 0.815534
0.118511 0.902650 0.813107
0.107700 0.903732 0.813107
0.115000 0.903191 0.813107
0.119677 0.901298 0.810680
0.109986 0.901028 0.813107
0.105889 0.902109 0.813107
0.120806 0.902380 0.805825
0.146781 0.902920 0.815534
0.124151 0.902109 0.805825
0.111854 0.902920 0.808252
0.132548 0.902380 0.815534
0.117001 0.903461 0.808252
0.142019 0.903732 0.813107
0.119869 0.901839 0.808252
0.119593 0.901568 0.805825
0.117814 0.902650 0.813107
0.128462 0.902650 0.810680
0.131291 0.902650 0.813107
0.117227 0.900216 0.810680
0.118716 0.901568 0.817961
0.118759 0.901298 0.808252
0.120053 0.901839 0.813107
0.120384 0.901298 0.815534
0.141487 0.904543 0.810680
0.104099 0.900216 0.813107
0.134779 0.902380 0.808252
0.136304 0.901298 0.813107
0.141150 0.902920 0.815534
0.112310 0.904002 0.810680
0.106771 0.901568 0.810680
0.128269 0.901028 0.803398
0.132124 0.902380 0.805825
0.131506 0.901568 0.813107
0.132382 0.905354 0.803398
0.124227 0.901839 0.805825
0.099266 0.902380 0.810680
0.100550 0.904002 0.810680
0.129722 0.902920 0.808252
0.136017 0.901568 0.805825
0.112550 0.901839 0.810680
0.113160 0.902380 0.808252
0.125457 0.900487 0.810680
0.150343 0.904002 0.805825
0.113420 0.901839 0.808252
0.106636 0.904273 0.813107
0.116761 0.903191 0.810680
0.128242 0.904543 0.810680
0.124677 0.901298 0.810680
0.142732 0.903461 0.805825
0.096944 0.903461 0.810680
0.108978 0.903191 0.810680
0.130024 0.899135 0.815534
0.110968 0.903732 0.820388
