0.804077 0.630070 0.631068
0.637606 0.670903 0.677184
0.609149 0.660627 0.667476
0.582325 0.651163 0.648058
0.601011 0.583018 0.587379
0.609643 0.700649 0.694175
0.609030 0.706328 0.723301
0.557486 0.687399 0.694175
0.576262 0.706869 0.711165
0.561398 0.711736 0.716019
0.586040 0.714711 0.725728
0.555874 0.670633 0.674757
0.576483 0.718226 0.723301
0.577977 0.632234 0.650485
0.570360 0.710114 0.703883
0.563555 0.706598 0.708738
0.582879 0.711736 0.720874
0.570343 0.721471 0.725728
0.577642 0.712277 0.706311
0.567331 0.713629 0.713592
0.569958 0.725527 0.733010
0.582365 0.709032 0.701456
0.570701 0.707680 0.716019
0.583004 0.708761 0.699029
0.557290 0.715522 0.720874
0.568846 0.723634 0.720874
0.544647 0.601406 0.584951
0.586233 0.701190 0.686893
0.574290 0.724986 0.730583
0.551602 0.707409 0.706311
0.541537 0.728502 0.716019
0.565151 0.721741 0.725728
0.556233 0.723905 0.725728
0.555881 0.702542 0.718447
0.548705 0.716063 0.711165
0.552194 0.725257 0.730583
0.556407 0.710925 0.720874
0.552382 0.722012 0.730583
0.555617 0.725527 0.725728
0.563522 0.687128 0.674757
0.566805 0.681449 0.689320
0.534113 0.721741 0.723301
0.537026 0.716874 0.720874
0.540098 0.711195 0.708738
0.576618 0.722553 0.718447
0.560674 0.715522 0.723301
0.577528 0.717685 0.718447
0.568063 0.714170 0.718447
0.579096 0.713359 0.716019
0.546300 0.726339 0.735437
0.566925 0.721741 0.725728
0.557142 0.730124 0.737864
0.543964 0.729854 0.730583
0.559671 0.733910 0.725728
0.536119 0.729313 0.737864
0.554168 0.730665 0.725728
0.546916 0.724716 0.720874
0.536167 0.700919 0.691748
0.547237 0.732829 0.725728
0.550956 0.726609 0.723301
0.544279 0.729043 0.737864
0.544815 0.728231 0.737864
0.533732 0.727961 0.735437
0.540557 0.725798 0.723301
0.534452 0.699027 0.689320
0.561262 0.723364 0.725728
0.558740 0.728502 0.730583
0.541557 0.726609 0.720874
0.549318 0.719849 0.718447
0.554215 0.724175 0.723301
0.527644 0.733640 0.737864
0.540056 0.727420 0.737864
0.536503 0.711736 0.725728
0.545448 0.738507 0.740291
0.552345 0.726609 0.723301
0.539808 0.731206 0.735437
0.552358 0.728772 0.728155
0.550072 0.723905 0.708738
0.548078 0.721741 0.728155
0.567549 0.732288 0.735437
0.532491 0.729854 0.742718
0.540952 0.720119 0.737864
0.549134 0.724446 0.720874
0.565530 0.717956 0.730583
0.566101 0.721741 0.725728
0.537516 0.725527 0.733010
0.529340 0.725798 0.723301
0.545298 0.722012 0.706311
0.544333 0.720660 0.713592
0.550215 0.719037 0.725728
0.539664 0.729854 0.740291
0.538937 0.715251 0.713592
0.541931 0.727420 0.728155
0.575978 0.730665 0.733010
0.539149 0.727961 0.730583
0.543402 0.724175 0.725728
0.569881 0.723094 0.716019
0.553734 0.720660 0.706311
0.539265 0.723634 0.728155
0.554082 0.723094 0.725728
0.565587 0.723364 0.720874
0.550313 0.718496 0.701456
0.551243 0.727150 0.728155
0.548642 0.721471 0.716019
0.557327 0.728231 0.735437
0.554985 0.720389 0.725728
0.526986 0.730665 0.723301
0.539860 0.722282 0.720874
0.555226 0.731747 0.737864
0.553567 0.736074 0.740291
0.545156 0.723634 0.723301
0.535127 0.734181 0.735437
0.546405 0.731747 0.723301
0.528438 0.732558 0.728155
0.550969 0.733099 0.730583
0.509279 0.729043 0.725728
0.558170 0.712547 0.716019
0.528078 0.727420 0.723301
0.521240 0.734181 0.728155
0.541375 0.731747 0.737864
0.551000 0.733910 0.723301
0.531596 0.730665 0.723301
0.556106 0.729854 0.733010
0.538368 0.731206 0.723301
0.527607 0.730124 0.735437
0.557093 0.723094 0.711165
0.531109 0.732558 0.733010
0.540932 0.720389 0.728155
0.565034 0.720660 0.733010
0.525988 0.723905 0.730583
0.547711 0.707409 0.703883
0.532997 0.730124 0.735437
0.535932 0.727961 0.737864
0.537226 0.723634 0.730583
0.570315 0.726879 0.730583
0.550273 0.729584 0.728155
0.545628 0.730665 0.733010
0.528777 0.727150 0.725728
0.554569 0.729854 0.730583
0.553481 0.716604 0.725728
0.531743 0.718767 0.725728
0.522889 0.727691 0.725728
0.546682 0.725527 0.730583
0.531274 0.721741 0.720874
0.556037 0.728772 0.728155
0.510054 0.732288 0.730583
0.551583 0.731747 0.737864
0.538769 0.736074 0.737864
0.550345 0.727691 0.730583
0.525635 0.732288 0.733010
0.546089 0.729313 0.730583
0.539623 0.727420 0.723301
0.526448 0.731476 0.733010
0.553320 0.730936 0.730583
0.528040 0.730124 0.725728
0.531415 0.732288 0.728155
0.559376 0.729043 0.728155
0.539899 0.730936 0.730583
0.551120 0.732288 0.725728
0.558980 0.732288 0.720874
0.521016 0.733099 0.737864
0.541109 0.731206 0.728155
0.538993 0.728502 0.720874
0.518740 0.733099 0.735437
0.523418 0.732017 0.730583
0.530038 0.724986 0.716019
0.530569 0.729584 0.730583
0.541577 0.723364 0.725728
0.530282 0.731747 0.733010
0.541752 0.725798 0.728155
0.526634 0.727961 0.728155
0.529430 0.728502 0.735437
0.529827 0.730395 0.735437
0.534035 0.727691 0.728155
0.543256 0.730936 0.728155
0.552369 0.725527 0.723301
0.543999 0.728772 0.730583
0.540052 0.733099 0.720874
0.553431 0.729313 0.725728
0.540990 0.731206 0.733010
0.558041 0.731476 0.737864
0.512546 0.732288 0.728155
0.536700 0.726879 0.733010
0.558106 0.729313 0.730583
0.547308 0.726879 0.728155
0.537393 0.734721 0.730583
0.538984 0.731747 0.730583
0.551827 0.727420 0.723301
0.549120 0.730124 0.733010
0.536821 0.732558 0.735437
0.536584 0.729854 0.735437
0.546539 0.721471 0.723301
0.536965 0.729584 0.745146
0.545309 0.733099 0.728155
0.527266 0.726879 0.733010
0.519608 0.729043 0.735437
0.557011 0.726879 0.725728
0.539876 0.727961 0.735437
0.501764 0.729313 0.725728
0.539708 0.729043 0.730583
0.546626 0.727420 0.733010
0.540996 0.732017 0.733010
0.518340 0.731476 0.735437
0.530612 0.729584 0.733010
0.518233 0.733369 0.730583
0.523829 0.732829 0.733010
0.526057 0.733640 0.733010
0.536535 0.730124 0.737864
0.529779 0.729043 0.730583
0.536344 0.728502 0.730583
0.550636 0.730665 0.728155
0.540857 0.729854 0.735437
0.536642 0.729043 0.730583
0.527304 0.730665 0.730583
0.544857 0.732017 0.730583
0.532564 0.731747 0.733010
0.543977 0.735803 0.728155
0.509912 0.730665 0.725728
0.536210 0.731747 0.730583
0.535618 0.730665 0.730583
0.547139 0.732829 0.730583
0.537886 0.730124 0.733010
0.529370 0.733910 0.733010
0.526607 0.731476 0.735437
0.530059 0.731206 0.737864
0.534589 0.730395 0.733010
0.548385 0.731747 0.735437
0.534695 0.729313 0.735437
0.526885 0.731206 0.733010
0.532825 0.733099 0.733010
0.506656 0.729854 0.728155
0.543715 0.727961 0.733010
0.536552 0.730665 0.730583
0.558160 0.729043 0.730583
0.514791 0.732829 0.737864
0.549288 0.730395 0.728155
0.543058 0.726339 0.728155
0.544502 0.730395 0.735437
0.554246 0.728231 0.723301
0.547398 0.722553 0.723301
0.538231 0.722823 0.723301
0.522295 0.730395 0.735437
0.549906 0.727961 0.737864
0.545402 0.730124 0.725728
0.554192 0.727150 0.733010
0.520452 0.727961 0.730583
0.525223 0.730124 0.730583
0.532128 0.727420 0.728155
0.533558 0.733099 0.730583
0.533558 0.727961 0.733010
0.540509 0.732288 0.728155
0.520939 0.732558 0.735437
0.533186 0.733910 0.730583
0.529670 0.734181 0.737864
0.534779 0.730124 0.730583
0.534194 0.729313 0.733010
0.540202 0.728502 0.733010
0.519519 0.729854 0.735437
0.526760 0.733640 0.740291
0.538361 0.728231 0.728155
0.501496 0.731747 0.730583
0.541066 0.728502 0.728155
0.535990 0.729584 0.725728
0.548084 0.728231 0.730583
0.531898 0.730395 0.725728
0.521475 0.732829 0.735437
0.527114 0.732017 0.728155
0.542978 0.733099 0.730583
0.513811 0.732829 0.735437
0.527516 0.734451 0.733010
0.531828 0.733910 0.730583
0.530749 0.730124 0.728155
0.532486 0.730395 0.730583
0.536618 0.732558 0.733010
0.532815 0.732829 0.733010
0.520539 0.733099 0.733010
0.505965 0.733910 0.730583
0.541308 0.728231 0.723301
0.540359 0.728772 0.730583
0.535629 0.735533 0.730583
0.541403 0.729854 0.730583
0.540499 0.729043 0.728155
0.524914 0.729313 0.725728
0.534004 0.726879 0.720874
0.523001 0.732017 0.730583
0.518547 0.730936 0.728155
0.564726 0.728502 0.733010
0.539551 0.726609 0.730583
0.543454 0.727961 0.730583
0.546340 0.727420 0.728155
0.522950 0.727691 0.733010
0.526230 0.729043 0.733010
0.533697 0.729313 0.728155
0.532066 0.732829 0.735437
0.531912 0.733099 0.742718
0.520954 0.735262 0.735437
0.532289 0.731476 0.728155
0.542658 0.736344 0.733010
0.531312 0.735262 0.730583
0.520005 0.734451 0.737864
0.531702 0.733640 0.733010
0.531904 0.732829 0.730583
0.528684 0.734721 0.733010
0.514829 0.734992 0.733010
0.538045 0.736344 0.733010
0.535815 0.734721 0.733010
0.542850 0.734181 0.733010
0.527852 0.732829 0.735437
0.497906 0.732288 0.733010
0.539791 0.734451 0.728155
0.541628 0.731747 0.730583
0.532139 0.730936 0.730583
0.536359 0.729854 0.730583
0.534976 0.732017 0.730583
0.532622 0.730665 0.725728
0.530586 0.731206 0.723301
0.547948 0.729584 0.728155
0.557001 0.729313 0.725728
0.542100 0.733910 0.728155
0.518260 0.730124 0.730583
0.554374 0.730124 0.725728
0.513684 0.733099 0.728155
0.565445 0.730395 0.728155
0.539325 0.732829 0.733010
0.534228 0.733099 0.725728
0.530431 0.730124 0.730583
0.547148 0.730395 0.725728
0.542980 0.729584 0.730583
0.539680 0.729854 0.728155
0.531899 0.729313 0.723301
0.547304 0.728231 0.733010
0.518357 0.732829 0.733010
0.519193 0.733369 0.728155
0.550388 0.733910 0.733010
0.540903 0.729584 0.733010
0.529039 0.732558 0.730583
0.551691 0.731476 0.730583
0.556824 0.727150 0.728155
0.526962 0.730395 0.730583
0.528625 0.731206 0.733010
0.533550 0.732288 0.730583
0.517062 0.732017 0.730583
0.543357 0.729584 0.730583
0.542776 0.729854 0.735437
0.546526 0.731206 0.725728
0.546435 0.728772 0.728155
0.531342 0.727150 0.728155
0.544594 0.726879 0.725728
0.543778 0.733640 0.728155
0.526527 0.731747 0.730583
0.549186 0.732288 0.730583
0.532078 0.729584 0.733010
0.531760 0.730665 0.730583
0.513692 0.732288 0.730583
0.521486 0.733099 0.733010
0.525787 0.730936 0.728155
0.516765 0.734721 0.728155
0.553250 0.730936 0.730583
0.525227 0.731206 0.730583
0.541011 0.730124 0.733010
0.575851 0.731476 0.730583
0.559938 0.729584 0.733010
0.535375 0.732558 0.733010
0.558097 0.729043 0.735437
0.510421 0.728502 0.730583
0.528688 0.729043 0.730583
0.538564 0.727691 0.728155
0.518546 0.730665 0.733010
0.541360 0.731206 0.733010
0.559414 0.732558 0.728155
0.545754 0.730395 0.730583
0.527952 0.731206 0.728155
0.539316 0.729313 0.730583
0.543950 0.732558 0.728155
0.535256 0.730124 0.735437
0.527799 0.731747 0.733010
0.536782 0.728502 0.733010
0.521810 0.732558 0.733010
0.538717 0.732829 0.725728
0.529714 0.731747 0.733010
0.534671 0.728502 0.730583
0.535824 0.729584 0.723301
0.513678 0.727691 0.733010
0.513139 0.732017 0.730583
0.532613 0.732288 0.733010
0.539372 0.733099 0.730583
0.541867 0.734181 0.730583
0.527451 0.730665 0.728155
0.531645 0.731476 0.730583
0.514758 0.731747 0.730583
0.537697 0.733640 0.728155
0.524285 0.733369 0.728155
0.558926 0.732558 0.728155
0.555723 0.732558 0.730583
0.525596 0.732829 0.730583
0.549420 0.729854 0.733010
0.527635 0.729313 0.733010
0.544665 0.729854 0.733010
0.561709 0.729584 0.733010
0.534486 0.729043 0.733010
0.517716 0.729854 0.733010
0.526050 0.730124 0.730583
0.544530 0.731206 0.733010
0.532483 0.730665 0.730583
0.532606 0.729313 0.730583
0.547683 0.729854 0.735437
0.537514 0.728231 0.730583
0.528978 0.731206 0.730583
0.506421 0.731206 0.728155
0.527902 0.731476 0.728155
0.522933 0.729854 0.735437
0.515115 0.729043 0.733010
0.518864 0.730124 0.728155
0.530044 0.732829 0.728155
0.540102 0.731206 0.725728
0.521469 0.732017 0.728155
0.527426 0.731206 0.730583
0.528204 0.730395 0.730583
0.524877 0.730665 0.730583
0.536489 0.730936 0.728155
0.531255 0.729313 0.728155
0.549898 0.731206 0.725728
0.541591 0.731206 0.730583
0.544636 0.732017 0.728155
0.526894 0.729313 0.730583
0.535122 0.730395 0.733010
0.520213 0.732558 0.728155
0.539616 0.734992 0.728155
0.551695 0.733910 0.730583
0.531935 0.731476 0.728155
0.521441 0.729313 0.730583
0.553056 0.729313 0.733010
0.516334 0.732558 0.728155
0.541920 0.733640 0.730583
0.542001 0.732829 0.730583
0.525521 0.730936 0.730583
0.543499 0.732829 0.728155
0.537081 0.731476 0.730583
0.542114 0.730665 0.735437
0.539741 0.733369 0.730583
0.519454 0.727961 0.733010
0.544621 0.728772 0.730583
0.550831 0.730395 0.730583
0.534337 0.728231 0.733010
0.524815 0.730665 0.733010
0.541641 0.730124 0.733010
0.520676 0.729854 0.733010
0.547688 0.730665 0.733010
0.526722 0.730665 0.730583
0.533845 0.731476 0.730583
0.551793 0.728231 0.733010
0.534032 0.727961 0.733010
0.524489 0.733910 0.725728
0.536115 0.729584 0.733010
0.520064 0.729313 0.733010
0.536193 0.730124 0.730583
0.530372 0.729854 0.730583
0.539942 0.730936 0.733010
0.516398 0.729584 0.733010
0.534552 0.730124 0.733010
0.510909 0.732558 0.733010
0.535625 0.729313 0.735437
0.536882 0.729584 0.735437
0.539831 0.729043 0.735437
0.557001 0.729313 0.733010
0.521273 0.733369 0.733010
0.523679 0.729313 0.733010
0.557836 0.732288 0.730583
0.535152 0.728772 0.730583
0.527635 0.730124 0.733010
0.527538 0.735533 0.733010
0.539326 0.729043 0.728155
0.528760 0.730665 0.733010
0.544842 0.727691 0.733010
0.532875 0.729584 0.733010
0.538939 0.731476 0.733010
0.527068 0.732017 0.728155
0.514034 0.734451 0.730583
0.543127 0.732288 0.730583
0.544774 0.730936 0.733010
0.555573 0.729584 0.733010
0.532819 0.732558 0.733010
0.524352 0.731476 0.735437
0.539867 0.731476 0.730583
0.529553 0.734181 0.730583
0.544245 0.733910 0.733010
0.527482 0.733369 0.725728
0.519162 0.733640 0.728155
0.538233 0.731476 0.733010
0.542013 0.732558 0.733010
0.526476 0.732829 0.733010
0.537872 0.732829 0.728155
0.529795 0.731206 0.735437
0.536449 0.734451 0.725728
0.512626 0.732288 0.728155
0.542745 0.733910 0.730583
0.533993 0.732017 0.733010
0.537008 0.729854 0.733010
0.529120 0.731476 0.728155
0.514324 0.732558 0.733010
