0.719931 0.546512 0.555825
0.636494 0.557058 0.553398
0.606145 0.645754 0.677184
0.576161 0.641428 0.611650
0.597121 0.690914 0.682039
0.622291 0.667388 0.667476
0.584664 0.647647 0.623786
0.551131 0.692266 0.696602
0.562560 0.703083 0.665049
0.549712 0.671174 0.667476
0.579743 0.718496 0.718447
0.555018 0.715792 0.696602
0.559412 0.550297 0.543689
0.575851 0.724175 0.720874
0.550123 0.717415 0.694175
0.542440 0.729313 0.723301
0.555659 0.740671 0.759709
0.537094 0.730124 0.728155
0.535034 0.739859 0.733010
0.550604 0.732829 0.723301
0.554170 0.728502 0.711165
0.577895 0.733910 0.711165
0.539409 0.682802 0.701456
0.547220 0.726879 0.706311
0.534081 0.727420 0.691748
0.533276 0.708491 0.689320
0.541855 0.745809 0.752427
0.536195 0.750406 0.725728
0.542744 0.752839 0.733010
0.516007 0.746079 0.745146
0.493806 0.764197 0.735437
0.518251 0.779340 0.771845
0.491210 0.771228 0.742718
0.507232 0.629259 0.626214
0.501102 0.753921 0.762136
0.502946 0.776636 0.750000
0.498652 0.707680 0.725728
0.515205 0.767712 0.754854
0.513190 0.756896 0.750000
0.523520 0.777177 0.745146
0.485670 0.726609 0.718447
0.479124 0.768794 0.725728
0.478447 0.783126 0.750000
0.479017 0.733640 0.716019
0.515101 0.762845 0.754854
0.475575 0.761222 0.759709
0.504933 0.782856 0.774272
0.480872 0.778259 0.774272
0.507743 0.774743 0.762136
0.463135 0.786101 0.766990
0.459516 0.789075 0.769417
0.456802 0.806652 0.791262
0.460815 0.805571 0.759709
0.448464 0.814765 0.786408
0.431561 0.808816 0.781553
0.445227 0.806111 0.769417
0.439195 0.811790 0.788835
0.421747 0.803407 0.774272
0.464776 0.813683 0.783981
0.455243 0.823688 0.796117
0.442582 0.822336 0.793689
0.426141 0.807193 0.771845
0.436248 0.820443 0.813107
0.442854 0.798540 0.759709
0.424846 0.800162 0.764563
0.400715 0.822336 0.781553
0.441324 0.809897 0.800971
0.420186 0.826393 0.788835
0.442111 0.806111 0.783981
0.446963 0.829367 0.793689
0.400772 0.829638 0.805825
0.412261 0.821525 0.786408
0.400639 0.827204 0.791262
0.414102 0.811520 0.779126
0.418979 0.818010 0.796117
0.386458 0.819903 0.774272
0.411809 0.815035 0.766990
0.416525 0.819632 0.803398
0.426683 0.826933 0.774272
0.420277 0.819362 0.798544
0.394464 0.832342 0.808252
0.394034 0.828286 0.793689
0.416505 0.828286 0.776699
0.408445 0.836668 0.800971
0.421835 0.835046 0.820388
0.405699 0.835857 0.808252
0.379111 0.840725 0.776699
0.407000 0.824229 0.815534
0.400255 0.839102 0.810680
0.428715 0.828556 0.798544
0.380275 0.836398 0.786408
0.389230 0.845592 0.810680
0.400067 0.790157 0.745146
0.417631 0.832612 0.786408
0.383818 0.842077 0.813107
0.412172 0.841806 0.800971
0.397404 0.840725 0.796117
0.401960 0.844781 0.786408
0.381189 0.850730 0.800971
0.390493 0.849378 0.800971
0.402484 0.862088 0.808252
0.362601 0.858031 0.815534
0.356662 0.860195 0.808252
0.370928 0.863710 0.820388
0.378253 0.862088 0.813107
0.349521 0.861547 0.822816
0.338568 0.862088 0.813107
0.348954 0.868578 0.810680
0.353578 0.873445 0.817961
0.350491 0.864521 0.817961
0.370735 0.861006 0.815534
0.347150 0.872093 0.810680
0.338987 0.871552 0.810680
0.342216 0.868307 0.810680
0.344034 0.876690 0.834951
0.339407 0.871011 0.815534
0.352564 0.868307 0.817961
0.332939 0.874527 0.805825
0.332369 0.876690 0.822816
0.326382 0.873175 0.815534
0.335687 0.857761 0.803398
0.326474 0.868848 0.817961
0.348793 0.871823 0.813107
0.326839 0.881017 0.803398
0.320405 0.876961 0.822816
0.341899 0.872634 0.798544
0.325773 0.869389 0.810680
0.322204 0.883721 0.822816
0.362966 0.859654 0.800971
0.309458 0.878583 0.817961
0.343118 0.865603 0.817961
0.317460 0.880746 0.822816
0.314193 0.880206 0.832524
0.343881 0.874256 0.808252
0.336838 0.876690 0.817961
0.329229 0.881558 0.825243
0.321122 0.880476 0.815534
0.269746 0.883721 0.803398
0.342642 0.885614 0.827670
0.317796 0.865333 0.800971
0.318439 0.884262 0.822816
0.313163 0.886425 0.808252
0.317369 0.888588 0.817961
0.297102 0.882910 0.813107
0.336986 0.887777 0.825243
0.324401 0.878313 0.820388
0.308956 0.888859 0.830097
0.295811 0.895349 0.822816
0.326576 0.888588 0.803398
0.290337 0.896431 0.827670
0.300186 0.901298 0.822816
0.280162 0.887507 0.805825
0.284507 0.895619 0.805825
0.299746 0.904002 0.808252
0.260549 0.900487 0.817961
0.273354 0.900487 0.820388
0.291973 0.902109 0.813107
0.282608 0.901839 0.832524
0.288499 0.898053 0.820388
0.309645 0.903191 0.815534
0.262973 0.910222 0.830097
0.294984 0.903191 0.813107
0.295885 0.904813 0.825243
0.276019 0.904273 0.822816
0.283141 0.901028 0.825243
0.293941 0.907788 0.805825
0.282845 0.907788 0.827670
0.276500 0.905895 0.822816
0.297430 0.906436 0.815534
0.291011 0.905354 0.825243
0.265387 0.910492 0.815534
0.284413 0.903461 0.813107
0.264684 0.907518 0.803398
0.269651 0.912115 0.803398
0.264588 0.909681 0.822816
0.302372 0.902109 0.820388
0.271112 0.900757 0.825243
0.286259 0.908058 0.815534
0.274036 0.910222 0.810680
0.258971 0.903732 0.810680
0.258088 0.903732 0.817961
0.289426 0.907247 0.793689
0.274205 0.907518 0.810680
0.283241 0.909140 0.805825
0.288783 0.906706 0.813107
0.259282 0.912926 0.815534
0.277870 0.911844 0.815534
0.262246 0.916712 0.808252
0.286882 0.907247 0.803398
0.279751 0.910222 0.820388
0.278353 0.912655 0.825243
0.256352 0.906165 0.817961
0.280108 0.909951 0.810680
0.259703 0.918064 0.803398
0.262239 0.912385 0.834951
0.256012 0.908329 0.834951
0.268981 0.914278 0.830097
0.283516 0.915630 0.817961
0.241816 0.919416 0.815534
0.274731 0.916982 0.820388
0.260999 0.920768 0.825243
0.252823 0.922931 0.815534
0.219554 0.923202 0.825243
0.216928 0.924554 0.822816
0.238368 0.922390 0.830097
0.256573 0.920498 0.810680
0.248272 0.925635 0.820388
0.253731 0.919686 0.805825
0.224991 0.924013 0.817961
0.245773 0.919686 0.810680
0.242059 0.923472 0.815534
0.249078 0.923202 0.815534
0.239048 0.922661 0.813107
0.257597 0.926176 0.813107
0.266741 0.921038 0.805825
0.249136 0.925635 0.813107
0.255614 0.923202 0.810680
0.235690 0.925906 0.808252
0.244868 0.923202 0.808252
0.256481 0.927258 0.815534
0.252822 0.928069 0.820388
0.255704 0.924554 0.800971
0.229720 0.926176 0.810680
0.233242 0.927528 0.820388
0.264258 0.927258 0.820388
0.236915 0.927528 0.815534
0.258082 0.928880 0.813107
0.233567 0.929151 0.803398
0.244183 0.929151 0.808252
0.243195 0.931044 0.805825
0.203803 0.928069 0.808252
0.236016 0.926176 0.815534
0.261331 0.925906 0.815534
0.227874 0.931314 0.815534
0.202109 0.932937 0.813107
0.252647 0.928340 0.808252
0.245243 0.927528 0.805825
0.239925 0.928340 0.815534
0.224423 0.929421 0.810680
0.257427 0.931044 0.805825
0.206802 0.926447 0.813107
0.235590 0.929692 0.805825
0.211416 0.925635 0.815534
0.228787 0.931314 0.825243
0.238765 0.932666 0.813107
0.259962 0.925365 0.817961
0.231861 0.935370 0.817961
0.237006 0.931585 0.820388
0.220089 0.932666 0.813107
0.211299 0.932937 0.815534
0.223494 0.935641 0.815534
0.227291 0.934018 0.815534
0.208057 0.935370 0.810680
0.236151 0.932937 0.798544
0.214052 0.933207 0.805825
0.198291 0.934289 0.813107
0.220751 0.937263 0.808252
0.217233 0.935370 0.822816
0.196253 0.934830 0.822816
0.232360 0.937534 0.832524
0.190776 0.936452 0.810680
0.210412 0.936452 0.815534
0.231101 0.936723 0.817961
0.218690 0.932396 0.815534
0.207421 0.935100 0.820388
0.219811 0.934018 0.815534
0.205692 0.932937 0.815534
0.235629 0.938075 0.815534
0.223237 0.936182 0.825243
0.223229 0.938615 0.827670
0.202686 0.938345 0.827670
0.209977 0.937534 0.805825
0.222956 0.936452 0.813107
0.211906 0.941590 0.810680
0.219207 0.937804 0.810680
0.212971 0.938886 0.815534
0.198922 0.939156 0.832524
0.214846 0.940238 0.800971
0.212695 0.939968 0.822816
0.212169 0.940508 0.813107
0.217676 0.938615 0.817961
0.210236 0.938886 0.810680
0.241030 0.940779 0.813107
0.217858 0.941049 0.810680
0.195884 0.941860 0.796117
0.201327 0.939968 0.813107
0.204310 0.940508 0.808252
0.227999 0.941049 0.803398
0.212419 0.939427 0.822816
0.227371 0.940238 0.820388
0.205880 0.939427 0.817961
0.203409 0.940779 0.813107
0.198714 0.940238 0.808252
0.209739 0.944024 0.810680
0.203129 0.940508 0.815534
0.196064 0.940508 0.820388
0.242745 0.941860 0.813107
0.203075 0.941320 0.810680
0.233868 0.937534 0.815534
0.196079 0.940508 0.810680
0.213472 0.941860 0.805825
0.201712 0.939427 0.803398
0.201990 0.943753 0.805825
0.195914 0.939427 0.815534
0.226110 0.941320 0.815534
0.205739 0.941049 0.808252
0.214748 0.942401 0.798544
0.179602 0.940779 0.803398
0.183730 0.939697 0.803398
0.209333 0.943483 0.815534
0.220110 0.942131 0.803398
0.196218 0.944024 0.808252
0.195821 0.940779 0.813107
0.186789 0.941320 0.810680
0.216729 0.941320 0.808252
0.190700 0.941049 0.813107
0.236125 0.940508 0.798544
0.230290 0.940779 0.796117
0.228128 0.940508 0.805825
0.206911 0.939156 0.808252
0.224158 0.943213 0.803398
0.206391 0.942401 0.803398
0.225125 0.944024 0.808252
0.217085 0.941320 0.808252
0.215608 0.942131 0.803398
0.206678 0.942401 0.813107
0.205205 0.943753 0.817961
0.206730 0.941860 0.803398
0.207956 0.943483 0.808252
0.206867 0.944294 0.808252
0.200537 0.943753 0.805825
0.196481 0.940238 0.803398
0.203510 0.945376 0.803398
0.207744 0.944565 0.810680
0.196904 0.944565 0.808252
0.222284 0.939697 0.808252
0.221706 0.942131 0.810680
0.219284 0.943213 0.813107
0.207834 0.941590 0.810680
0.203178 0.943753 0.815534
0.200611 0.941590 0.813107
0.211673 0.940238 0.815534
0.193217 0.939968 0.803398
0.219076 0.941860 0.822816
0.199765 0.938886 0.810680
0.195138 0.941049 0.817961
0.193405 0.944024 0.810680
0.192844 0.943213 0.808252
0.208970 0.945376 0.810680
0.186387 0.946187 0.805825
0.217283 0.945376 0.808252
0.215129 0.945105 0.808252
0.207246 0.945376 0.808252
0.212896 0.946998 0.805825
0.197153 0.945917 0.805825
0.215250 0.942672 0.808252
0.210595 0.945376 0.808252
0.191792 0.944835 0.800971
0.182351 0.942401 0.803398
0.197705 0.946458 0.798544
0.206927 0.944835 0.803398
0.187842 0.946187 0.800971
0.196408 0.945105 0.810680
0.223888 0.946187 0.813107
0.198794 0.947269 0.813107
0.193275 0.945105 0.805825
0.201751 0.944565 0.810680
0.200853 0.947269 0.803398
0.215965 0.944835 0.800971
0.210746 0.944835 0.813107
0.199792 0.947539 0.803398
0.196841 0.945105 0.805825
0.206272 0.943213 0.808252
0.199621 0.945917 0.803398
0.183381 0.948891 0.805825
0.203747 0.945646 0.810680
0.204894 0.944835 0.815534
0.202260 0.944835 0.815534
0.193117 0.945376 0.810680
0.209853 0.946998 0.813107
0.202613 0.946998 0.805825
0.209665 0.946458 0.808252
0.210760 0.946458 0.815534
0.193771 0.946187 0.813107
0.177074 0.949162 0.805825
0.192564 0.945376 0.810680
0.198158 0.945376 0.803398
0.193783 0.946998 0.810680
0.206901 0.948621 0.808252
0.187479 0.946998 0.810680
0.208903 0.946998 0.798544
0.190433 0.947269 0.810680
0.220390 0.945376 0.803398
0.200165 0.945646 0.808252
0.166889 0.946998 0.808252
0.217519 0.946458 0.805825
0.199923 0.946187 0.803398
0.222228 0.948621 0.800971
0.220527 0.947539 0.798544
0.186570 0.947269 0.800971
0.185252 0.944835 0.800971
0.195593 0.947810 0.800971
0.187967 0.942942 0.805825
0.209064 0.945646 0.798544
0.201582 0.945376 0.805825
0.186369 0.945376 0.798544
0.206553 0.947539 0.813107
0.208905 0.946187 0.800971
0.192861 0.949162 0.803398
0.201715 0.947269 0.803398
0.202283 0.946458 0.796117
0.194293 0.945105 0.815534
0.193411 0.946187 0.815534
0.210735 0.945917 0.808252
0.180224 0.945917 0.805825
0.201238 0.949432 0.803398
0.188885 0.945105 0.798544
0.196473 0.946998 0.800971
0.209748 0.949973 0.808252
0.203323 0.945917 0.798544
0.199672 0.947269 0.805825
0.207704 0.948080 0.808252
0.209745 0.948621 0.805825
0.173236 0.947539 0.808252
0.188964 0.946728 0.803398
0.205780 0.947810 0.800971
0.167199 0.947810 0.805825
0.197847 0.948080 0.800971
0.213665 0.948891 0.810680
0.213467 0.948621 0.805825
0.196567 0.944294 0.808252
0.210922 0.946998 0.805825
0.198134 0.947539 0.798544
0.198157 0.948891 0.805825
0.226491 0.948080 0.805825
0.188239 0.946998 0.800971
0.195390 0.947269 0.810680
0.199761 0.945376 0.808252
0.192081 0.948350 0.805825
0.204027 0.946728 0.817961
0.194453 0.946187 0.791262
0.207914 0.947539 0.815534
0.215879 0.945376 0.813107
0.204820 0.946458 0.815534
0.199934 0.946998 0.808252
0.209597 0.946998 0.813107
0.199635 0.948080 0.808252
0.188645 0.948891 0.800971
0.182673 0.946187 0.813107
0.209146 0.947269 0.808252
0.181786 0.945646 0.800971
0.193433 0.945646 0.805825
0.206896 0.946998 0.808252
0.186382 0.948350 0.808252
0.198979 0.946458 0.810680
0.203464 0.948350 0.800971
0.197345 0.946728 0.810680
0.204971 0.946728 0.798544
0.192520 0.946998 0.817961
0.217174 0.947810 0.805825
0.169408 0.948350 0.810680
0.203379 0.946187 0.803398
0.184197 0.947539 0.805825
0.202709 0.945646 0.808252
0.202156 0.947539 0.810680
0.181815 0.947810 0.810680
0.211445 0.946728 0.805825
0.183442 0.945917 0.800971
0.184437 0.945646 0.808252
0.189067 0.948891 0.803398
0.179527 0.945646 0.815534
0.196468 0.946458 0.803398
0.187268 0.947539 0.798544
0.204543 0.946728 0.815534
0.211264 0.945917 0.808252
0.210104 0.946187 0.808252
0.198991 0.948080 0.803398
0.200950 0.945376 0.813107
0.199813 0.947539 0.805825
0.223724 0.946998 0.798544
0.199341 0.947810 0.805825
0.190775 0.949162 0.803398
0.189964 0.946728 0.808252
0.202759 0.946187 0.810680
0.191279 0.947810 0.808252
0.197156 0.949973 0.805825
0.209075 0.946187 0.808252
0.207131 0.948080 0.820388
0.191947 0.947810 0.800971
0.201274 0.945376 0.798544
0.190291 0.945376 0.808252
0.197199 0.948621 0.805825
0.213905 0.945917 0.808252
0.205413 0.947269 0.815534
0.197512 0.948891 0.815534
0.197471 0.948080 0.805825
0.205214 0.945917 0.815534
0.203905 0.949162 0.803398
0.197519 0.945376 0.803398
0.200631 0.948080 0.808252
