0.961494 0.602217 0.592233
0.706497 0.674689 0.679612
0.614500 0.693348 0.711165
0.587489 0.691184 0.694175
0.590034 0.713899 0.747573
0.591135 0.565170 0.563107
0.576070 0.730395 0.725728
0.530218 0.655760 0.665049
0.564764 0.732829 0.725728
0.527689 0.720660 0.699029
0.564599 0.696593 0.706311
0.530901 0.729313 0.735437
0.534118 0.739319 0.747573
0.546939 0.757166 0.764563
0.529037 0.709302 0.711165
0.520234 0.713088 0.706311
0.536006 0.671985 0.667476
0.516693 0.701190 0.716019
0.519065 0.721471 0.723301
0.530859 0.762034 0.757282
0.518791 0.757166 0.737864
0.528371 0.770687 0.762136
0.508663 0.749594 0.747573
0.544001 0.758248 0.759709
0.504129 0.754191 0.730583
0.521788 0.750135 0.742718
0.484253 0.744186 0.735437
0.528912 0.721741 0.728155
0.530647 0.752839 0.742718
0.485161 0.742564 0.747573
0.483930 0.718496 0.713592
0.506723 0.790698 0.783981
0.480071 0.766090 0.779126
0.496379 0.713359 0.708738
0.478725 0.784749 0.769417
0.489355 0.789616 0.771845
0.469120 0.772309 0.725728
0.480069 0.746349 0.723301
0.509317 0.760681 0.733010
0.505078 0.749594 0.733010
0.476520 0.792591 0.752427
0.452382 0.769064 0.752427
0.434119 0.795024 0.762136
0.468407 0.772850 0.764563
0.471282 0.795295 0.781553
0.473295 0.792861 0.779126
0.485230 0.800703 0.769417
0.464340 0.762574 0.733010
0.490404 0.787994 0.766990
0.444976 0.818821 0.793689
0.431899 0.808004 0.766990
0.452697 0.818010 0.800971
0.439116 0.816928 0.798544
0.415032 0.806652 0.769417
0.442583 0.812061 0.776699
0.407732 0.823418 0.798544
0.423472 0.830449 0.808252
0.411982 0.829367 0.803398
0.433283 0.824500 0.779126
0.414674 0.812872 0.752427
0.418585 0.835046 0.796117
0.406456 0.820443 0.786408
0.408076 0.835857 0.769417
0.406721 0.818280 0.781553
0.391313 0.816928 0.759709
0.395138 0.822336 0.776699
0.432136 0.825311 0.805825
0.400232 0.822607 0.783981
0.413591 0.832612 0.783981
0.420282 0.829638 0.793689
0.387343 0.828015 0.783981
0.394231 0.815576 0.766990
0.395162 0.836939 0.793689
0.390851 0.832612 0.805825
0.388361 0.843699 0.798544
0.359457 0.806923 0.788835
0.390971 0.762574 0.723301
0.394391 0.839102 0.796117
0.435570 0.832342 0.783981
0.403751 0.837480 0.783981
0.367035 0.856950 0.803398
0.383654 0.834235 0.791262
0.405884 0.843429 0.786408
0.374045 0.840725 0.779126
0.402638 0.848026 0.808252
0.395861 0.831801 0.786408
0.376482 0.848567 0.783981
0.392016 0.845592 0.788835
0.377199 0.844240 0.796117
0.390097 0.839643 0.788835
0.366941 0.851001 0.808252
0.377070 0.849648 0.798544
0.380963 0.847215 0.798544
0.386868 0.852623 0.781553
0.372939 0.860195 0.810680
0.386425 0.839102 0.783981
0.381663 0.849378 0.796117
0.363287 0.851271 0.805825
0.365000 0.860736 0.817961
0.341153 0.873445 0.808252
0.359059 0.878313 0.800971
0.345968 0.877501 0.810680
0.325888 0.872904 0.820388
0.329861 0.878313 0.815534
0.338432 0.870471 0.805825
0.330973 0.870741 0.803398
0.321095 0.876690 0.803398
0.313167 0.878042 0.822816
0.324821 0.880206 0.815534
0.320196 0.876690 0.815534
0.334865 0.871011 0.808252
0.326964 0.878583 0.830097
0.315225 0.876961 0.817961
0.307448 0.876961 0.827670
0.313599 0.885343 0.813107
0.321545 0.878313 0.825243
0.325239 0.880746 0.808252
0.319394 0.875608 0.815534
0.312575 0.887236 0.820388
0.302291 0.875338 0.817961
0.319030 0.879665 0.813107
0.301505 0.886966 0.825243
0.310001 0.884532 0.803398
0.312901 0.891563 0.817961
0.294763 0.874256 0.825243
0.310527 0.879665 0.803398
0.294854 0.895619 0.832524
0.296977 0.890752 0.817961
0.346033 0.887236 0.813107
0.290956 0.889400 0.815534
0.304625 0.891833 0.808252
0.313143 0.879124 0.803398
0.299833 0.892915 0.808252
0.318853 0.886155 0.813107
0.304797 0.892374 0.810680
0.322646 0.884803 0.800971
0.310913 0.891022 0.813107
0.271828 0.878042 0.786408
0.331591 0.900216 0.827670
0.291539 0.890211 0.796117
0.288835 0.896160 0.822816
0.284986 0.894808 0.813107
0.279714 0.896431 0.815534
0.272292 0.889129 0.815534
0.299840 0.889400 0.817961
0.286537 0.895349 0.822816
0.282240 0.888859 0.813107
0.282843 0.890211 0.791262
0.307102 0.898594 0.820388
0.250203 0.907518 0.817961
0.284283 0.910492 0.820388
0.255322 0.904813 0.825243
0.254078 0.902920 0.820388
0.270540 0.906706 0.822816
0.237301 0.912385 0.825243
0.236258 0.912385 0.822816
0.266363 0.915900 0.834951
0.269378 0.912385 0.822816
0.267631 0.918875 0.834951
0.263011 0.915360 0.827670
0.230523 0.914008 0.827670
0.266457 0.917253 0.834951
0.280308 0.919145 0.849515
0.248400 0.918064 0.832524
0.236542 0.916441 0.815534
0.263839 0.918334 0.822816
0.234988 0.919686 0.827670
0.249466 0.915630 0.830097
0.255236 0.920227 0.827670
0.262263 0.920768 0.822816
0.234020 0.924824 0.827670
0.253813 0.916982 0.827670
0.245270 0.923202 0.827670
0.251825 0.917523 0.820388
0.240041 0.914548 0.820388
0.249930 0.916171 0.827670
0.249180 0.916712 0.820388
0.236432 0.919957 0.830097
0.238275 0.918605 0.820388
0.246676 0.928069 0.810680
0.230522 0.922120 0.822816
0.224924 0.919686 0.825243
0.247995 0.918875 0.822816
0.250928 0.921850 0.817961
0.256619 0.918875 0.800971
0.228866 0.925365 0.813107
0.247008 0.929421 0.820388
0.239880 0.925365 0.832524
0.251366 0.916171 0.808252
0.248357 0.925635 0.817961
0.258026 0.922120 0.837379
0.233363 0.917793 0.837379
0.229153 0.928610 0.837379
0.234632 0.928069 0.820388
0.229996 0.922661 0.847087
0.245569 0.927258 0.827670
0.237812 0.927258 0.820388
0.251411 0.924824 0.834951
0.209121 0.930773 0.832524
0.248393 0.934018 0.834951
0.237904 0.934830 0.832524
0.222035 0.938075 0.837379
0.200678 0.939427 0.837379
0.180317 0.935911 0.837379
0.218279 0.935911 0.832524
0.213343 0.937263 0.851942
0.223985 0.938345 0.839806
0.209785 0.938075 0.842233
0.185204 0.934830 0.834951
0.222743 0.936452 0.837379
0.217421 0.936993 0.842233
0.205404 0.941320 0.827670
0.222813 0.939968 0.847087
0.217608 0.939427 0.839806
0.236015 0.938886 0.847087
0.206282 0.938615 0.844660
0.207034 0.936452 0.839806
0.200140 0.941860 0.827670
0.209050 0.941049 0.832524
0.210435 0.939156 0.834951
0.208462 0.940779 0.837379
0.210056 0.941049 0.839806
0.193297 0.943483 0.837379
0.205507 0.938075 0.837379
0.216610 0.942131 0.839806
0.215860 0.942672 0.844660
0.201084 0.942942 0.832524
0.219104 0.941590 0.830097
0.214011 0.939697 0.837379
0.194689 0.943213 0.827670
0.176952 0.939697 0.834951
0.189233 0.935911 0.825243
0.214257 0.940508 0.822816
0.183736 0.942401 0.827670
0.177750 0.943753 0.830097
0.222367 0.941860 0.830097
0.188146 0.939968 0.825243
0.205752 0.945105 0.834951
0.198298 0.944835 0.830097
0.223710 0.939697 0.832524
0.179015 0.944294 0.822816
0.215534 0.941590 0.820388
0.174591 0.940508 0.825243
0.191368 0.946187 0.842233
0.200842 0.944835 0.837379
0.208375 0.941590 0.839806
0.208555 0.946458 0.837379
0.202943 0.941320 0.832524
0.180217 0.948621 0.842233
0.186213 0.946998 0.830097
0.202769 0.948350 0.844660
0.211754 0.949973 0.839806
0.187164 0.948891 0.842233
0.193495 0.951866 0.834951
0.185274 0.949162 0.834951
0.167775 0.949432 0.839806
0.201047 0.951595 0.830097
0.174737 0.948891 0.825243
0.172913 0.950784 0.837379
0.181892 0.951866 0.834951
0.165494 0.950514 0.834951
0.160981 0.950784 0.834951
0.185435 0.950514 0.842233
0.185810 0.949162 0.837379
0.163692 0.952407 0.842233
0.171815 0.951595 0.837379
0.176685 0.952136 0.842233
0.189646 0.952136 0.842233
0.173543 0.953218 0.837379
0.186919 0.952677 0.839806
0.178586 0.953759 0.842233
0.177237 0.947810 0.827670
0.178006 0.949703 0.834951
0.163518 0.951325 0.827670
0.166987 0.954570 0.834951
0.177749 0.949703 0.830097
0.162445 0.949703 0.817961
0.185593 0.950784 0.830097
0.170580 0.950784 0.832524
0.183229 0.953488 0.844660
0.178928 0.954300 0.834951
0.182733 0.950784 0.832524
0.176121 0.953218 0.832524
0.170804 0.955922 0.830097
0.169775 0.955652 0.830097
0.180775 0.952677 0.839806
0.164310 0.954300 0.832524
0.169540 0.951055 0.832524
0.172875 0.953488 0.832524
0.174557 0.953218 0.834951
0.177814 0.953488 0.830097
0.174220 0.951866 0.827670
0.161632 0.952948 0.842233
0.160453 0.954570 0.834951
0.171931 0.952136 0.830097
0.164084 0.956733 0.832524
0.196784 0.956733 0.837379
0.172140 0.955652 0.849515
0.188863 0.949973 0.827670
0.164935 0.954300 0.834951
0.165699 0.956733 0.837379
0.167687 0.956733 0.832524
0.159992 0.957545 0.839806
0.161538 0.956463 0.834951
0.161382 0.955652 0.832524
0.178976 0.954029 0.837379
0.168443 0.953218 0.827670
0.145576 0.955652 0.837379
0.156904 0.958085 0.830097
0.182860 0.958085 0.832524
0.178131 0.959167 0.830097
0.179018 0.958626 0.839806
0.165779 0.956463 0.832524
0.164251 0.957004 0.832524
0.169471 0.957545 0.842233
0.178603 0.957004 0.832524
0.165341 0.960249 0.847087
0.190200 0.959167 0.842233
0.186136 0.958085 0.834951
0.174403 0.958085 0.837379
0.168588 0.959167 0.834951
0.166054 0.960249 0.839806
0.183606 0.959708 0.830097
0.159921 0.961060 0.834951
0.172735 0.960790 0.832524
0.159833 0.961871 0.842233
0.155556 0.959167 0.844660
0.189015 0.957545 0.834951
0.167277 0.959978 0.837379
0.166796 0.959708 0.832524
0.170550 0.955922 0.830097
0.171683 0.956463 0.834951
0.174541 0.958085 0.839806
0.163488 0.959708 0.837379
0.162523 0.959978 0.832524
0.193155 0.958897 0.827670
0.177672 0.960519 0.827670
0.165369 0.959708 0.839806
0.158655 0.958897 0.839806
0.167142 0.959978 0.837379
0.154192 0.961601 0.834951
0.172057 0.959978 0.839806
0.161616 0.960249 0.839806
0.179875 0.961330 0.844660
0.183626 0.958085 0.837379
0.159763 0.960790 0.832524
0.144915 0.959167 0.830097
0.158710 0.959708 0.839806
0.180149 0.960519 0.830097
0.168690 0.960249 0.830097
0.162085 0.960249 0.837379
0.169208 0.958626 0.827670
0.153481 0.957815 0.832524
0.183861 0.961601 0.832524
0.154661 0.958356 0.832524
0.170755 0.958626 0.827670
0.173996 0.960790 0.834951
0.172974 0.960790 0.844660
0.151540 0.960249 0.837379
0.165138 0.958085 0.837379
0.184037 0.959978 0.832524
0.150295 0.960519 0.837379
0.160800 0.961330 0.830097
0.184131 0.962142 0.837379
0.156833 0.959438 0.832524
0.153160 0.960519 0.834951
0.173686 0.960249 0.839806
0.171276 0.959978 0.837379
0.165180 0.959978 0.837379
0.155540 0.960519 0.832524
0.176535 0.961060 0.830097
0.155592 0.961330 0.837379
0.176710 0.961871 0.827670
0.163483 0.959978 0.827670
0.154828 0.960790 0.837379
0.159763 0.960249 0.830097
0.162858 0.959978 0.832524
0.170115 0.958897 0.842233
0.156103 0.960519 0.832524
0.158027 0.961601 0.825243
0.173291 0.961871 0.839806
0.167008 0.961601 0.832524
0.158990 0.962412 0.837379
0.146240 0.961330 0.834951
0.137994 0.960790 0.832524
0.144165 0.961601 0.842233
0.161354 0.961601 0.830097
0.141654 0.961060 0.839806
0.165671 0.959708 0.832524
0.144323 0.959978 0.842233
0.171181 0.961330 0.834951
0.162848 0.960249 0.827670
0.162738 0.959708 0.830097
0.156401 0.962412 0.830097
0.150173 0.961330 0.842233
0.162247 0.962142 0.822816
0.162567 0.961060 0.830097
0.160183 0.961871 0.834951
0.187304 0.961871 0.817961
0.154375 0.960790 0.834951
0.160252 0.960790 0.832524
0.149081 0.959708 0.832524
0.168780 0.961330 0.827670
0.159047 0.960519 0.830097
0.153894 0.960790 0.827670
0.163538 0.961871 0.837379
0.160091 0.962412 0.830097
0.171863 0.960519 0.837379
0.153880 0.960249 0.834951
0.159764 0.960790 0.827670
0.156102 0.959167 0.830097
0.136979 0.961601 0.837379
0.161290 0.962412 0.834951
0.169523 0.961330 0.827670
0.139150 0.961601 0.832524
0.159371 0.962142 0.827670
0.141391 0.961330 0.830097
0.158270 0.960249 0.832524
0.176513 0.962142 0.827670
0.169275 0.961330 0.842233
0.155304 0.961601 0.837379
0.173211 0.961601 0.827670
0.158260 0.963494 0.830097
0.165223 0.961601 0.830097
0.150123 0.961871 0.832524
0.172271 0.960790 0.830097
0.126995 0.961871 0.832524
0.174691 0.962412 0.832524
0.175769 0.961330 0.832524
0.166101 0.960519 0.832524
0.157620 0.960249 0.830097
0.155846 0.961871 0.830097
0.148485 0.961330 0.830097
0.162760 0.961871 0.834951
0.182806 0.961871 0.832524
0.171083 0.961871 0.837379
0.153156 0.962683 0.834951
0.167295 0.963494 0.827670
0.156452 0.961330 0.837379
0.159485 0.962142 0.830097
0.154013 0.960519 0.834951
0.156286 0.960519 0.822816
0.172961 0.961060 0.837379
0.162952 0.961601 0.830097
0.159187 0.959708 0.830097
0.157689 0.962412 0.832524
0.145813 0.962953 0.827670
0.143067 0.962142 0.830097
0.140134 0.961330 0.825243
0.166068 0.961871 0.837379
0.161546 0.961060 0.839806
0.157847 0.961330 0.832524
0.176881 0.962683 0.827670
0.148334 0.961871 0.839806
0.153217 0.961330 0.830097
0.160754 0.961871 0.834951
0.143254 0.960790 0.837379
0.163622 0.962412 0.844660
0.146961 0.962142 0.832524
0.171324 0.961060 0.825243
0.129711 0.960790 0.839806
0.164610 0.961871 0.827670
0.153709 0.962953 0.839806
0.140573 0.961060 0.830097
0.145032 0.961330 0.834951
0.145845 0.962142 0.834951
0.162112 0.961330 0.837379
0.159016 0.960790 0.837379
0.157607 0.961601 0.832524
0.154927 0.962142 0.832524
0.145516 0.959167 0.830097
0.166163 0.961060 0.832524
0.157710 0.962142 0.839806
0.164289 0.961060 0.832524
0.164051 0.962142 0.839806
0.157432 0.962142 0.839806
0.152386 0.963223 0.832524
0.168290 0.959167 0.827670
0.146636 0.961060 0.827670
0.177551 0.961330 0.832524
0.169981 0.961060 0.839806
0.167825 0.959978 0.830097
0.142660 0.963494 0.825243
0.181349 0.961060 0.822816
0.146314 0.962142 0.837379
0.150678 0.961601 0.834951
0.174757 0.962142 0.830097
0.156428 0.959708 0.834951
0.170368 0.961871 0.825243
0.157782 0.962142 0.839806
0.146481 0.961601 0.830097
0.157003 0.960790 0.822816
0.151731 0.962412 0.830097
0.156771 0.961871 0.830097
0.149289 0.962683 0.830097
0.151192 0.961871 0.834951
0.179834 0.961060 0.827670
0.157143 0.961601 0.830097
0.173935 0.961330 0.830097
0.149773 0.960519 0.834951
